,number,squared,cubed
0,1,1,1
1,2,4,8
2,3,9,27
3,4,16,64
4,5,25,125
5,6,36,216
6,7,49,343
7,8,64,512
8,9,81,729
9,10,100,1000
10,11,121,1331
11,12,144,1728
12,13,169,2197
13,14,196,2744
14,15,225,3375
15,16,256,4096
16,17,289,4913
17,18,324,5832
18,19,361,6859
